30
29 198 46 174 10 197 46 174
53 170 86 158 53 170 78 160
96 151 103 137 83 160 90 139
102 123 95 91 91 123 82 78
150 22 174 43 142 15 176 38
178 59 181 97 182 56 175 98
174 109 163 146 169 114 159 147
164 150 164 161 159 150 160 160
170 159 207 167 164 163 200 178
207 175 211 197 203 179 236 198
100 89 116 66 90 78 97 55
116 59 141 45 97 51 131 50
146 49 159 69 136 50 164 57
160 74 177 95 165 61 168 99
104 88 112 81 94 91 106 84
115 83 129 87 110 86 124 92
143 89 159 84 136 91 152 88
161 84 170 91 154 89 161 96
118 133 135 129 110 130 127 129
140 130 156 132 133 129 145 131
150 141 140 158 142 136 129 149
134 156 122 149 126 150 116 146
122 148 119 136 115 144 109 132
125 26 147 25 112 15 139 16
107 99 126 98 103 96 119 95
147 100 163 99 139 97 155 97
2 196 2 1 2 196 2 1
9 2 248 4 9 2 248 4
246 12 249 198 246 12 249 198
41 196 201 196 41 196 201 196